BU handwritten digit database: E Alpaydin C Kaynak 1995
Training file

entwidth = 32
entheight = 32
depth = 1
density = 300
whitepix = 0
ntot = 1934
ndigit = 1934
nlower = 0
nupper = 0
nparag = 0
firstdigit = 0
lastdigit = 0
firstlower = 0
lastlower = 0
firstupper = 0
lastupper = 0
firstparag = 0
lastparag = 0
00000000000001111000000000000000
00000000000011111110000000000000
00000000001111111111000000000000
00000001111111111111100000000000
00000001111111011111100000000000
00000011111110000011110000000000
00000011111110000000111000000000
00000011111110000000111100000000
00000011111110000000011100000000
00000011111110000000011100000000
00000011111100000000011110000000
00000011111100000000001110000000
00000011111100000000001110000000
00000001111110000000000111000000
00000001111110000000000111000000
00000001111110000000000111000000
00000001111110000000000111000000
00000011111110000000001111000000
00000011110110000000001111000000
00000011110000000000011110000000
00000001111000000000001111000000
00000001111000000000011111000000
00000001111000000000111110000000
00000001111000000001111100000000
00000000111000000111111000000000
00000000111100011111110000000000
00000000111111111111110000000000
00000000011111111111110000000000
00000000011111111111100000000000
00000000001111111110000000000000
00000000000111110000000000000000
00000000000011000000000000000000
 0
00000000000111110000000000000000
00000000001111111000000000000000
00000000011111111100000000000000
00000000111111111110000000000000
00000001111111111111000000000000
00000011111110111111100000000000
00000011111100011111110000000000
00000011111100001111110000000000
00000111111100000111111000000000
00000111111100000011111000000000
00000011111100000001111110000000
00000111111100000000111111000000
00000111111000000000011111000000
00000111111000000000011111100000
00000111111000000000011111100000
00000111111000000000001111100000
00000111111000000000001111100000
00000111111000000000001111100000
00000111111000000000001111100000
00000111111000000000001111100000
00000011111000000000001111100000
00000011111100000000011111100000
00000011111100000000111111000000
00000001111110000000111111100000
00000000111110000001111111000000
00000000111110000011111110000000
00000000111111000111111100000000
00000000111111111111111000000000
00000000111111111111110000000000
00000000011111111111100000000000
00000000001111111111000000000000
00000000000111111110000000000000
 0
00000000000001111111110000000000
00000000001111111111111000000000
00000000011111111111111100000000
00000000011111111111111100000000
00000000011111111111111110000000
00000001111111111111111100000000
00000000111110000011111100000000
00000000000000000001111100000000
00000000000000000001111100000000
00000000000000000001111100000000
00000000000000000011111000000000
00000000000000000111111000000000
00000000000000000111111000000000
00000000000000000111111000000000
00000000000000001111110000000000
00000000011111111111111111000000
00000000111111111111111111100000
00000000111111111111111111100000
00000000111111111111111111100000
00000001111111111111111110000000
00000001111111111110000000000000
00000001111111111110000000000000
00000000111111111110000000000000
00000000000011111000000000000000
00000000000011111000000000000000
00000000000011111000000000000000
00000000000111111000000000000000
00000000000111111000000000000000
00000000001111110000000000000000
00000000011111110000000000000000
00000000001111100000000000000000
00000000001111100000000000000000
 7
00000000000000000001111100000000
00000000000000000011111100000000
00000000000000001111111100000000
00000000000001111111111100000000
00000000000011111111111110000000
00000000000011111111011111000000
00000000001111111100011111000000
00000000011111111000011111000000
00000000011111100000011111000000
00000000111111000000111110000000
00000001111110000000111110000000
00000011111110010001111111000000
00000111111111111111111111000000
00000111111111111111111111100000
00000111111111111111111111000000
00000011111111111111111111100000
00000001111111111111111111000000
00000000000000000111110000000000
00000000000000000111110000000000
00000000000000000111110000000000
00000000000000000111110000000000
00000000000000001111000000000000
00000000000000001111100000000000
00000000000000001111100000000000
00000000000000011111000000000000
00000000000000001111000000000000
00000000000000011111000000000000
00000000000000011111000000000000
00000000000000011111100000000000
00000000000000001111100000000000
00000000000000001111000000000000
00000000000000000111000000000000
 4
00000000000001100000000000000000
00000000000111111000000000000000
00000000001111111000000000000000
00000000001111111100000000000000
00000000001111110000000000000000
00000000111111000000000000000000
00000000111110000000000000000000
00000000011110000000000000000000
00000000111110000000000000000000
00000001111000000000000000000000
00000001111000000000000000000000
00000001111111100000000000000000
00000001111111110000000000000000
00000011111111111100000000000000
00000011111111111111000000000000
00000001111111000111110000000000
00000001111110000111111000000000
00000001111100000001111000000000
00000001111110000000011100000000
00000001111110000000001111000000
00000000111110000000001111000000
00000000111100000000000111000000
00000000011110000000000011110000
00000000011110000000000111100000
00000000011110000000000111100000
00000000011110000000011111100000
00000000001111000000011111110000
00000000001111111111111111000000
00000000001111111111111100000000
00000000001111111111110000000000
00000000000001111111100000000000
00000000000000011100000000000000
 6
00000000001111111000000000000000
00000000011111111100000000000000
00000000011111111110000000000000
00000000011111111111100000000000
00000000111111111111100000000000
00000001111111111111110000000000
00000011111110001111110000000000
00000001111110000111111000000000
00000001111110000111111000000000
00000001111110000111111000000000
00000001111100000111111000000000
00000001111110000011111100000000
00000001111111000011111100000000
00000000111111000011111000000000
00000000111110000111111000000000
00000000001110000011111100000000
00000000000000000011111000000000
00000000000000000111110000000000
00000000000000000111111000000000
00000000000000001111110000000000
00000000000000011111110000000000
00000000000000111111100000000000
00000000000000011111110000000000
00000000000000111111100000000000
00000000000001111111000000000000
00000000000011111110000000000000
00000000001111111111111111111000
00000000011111111111111111111100
00000000111111111111111111111100
00000000011111111111111111111100
00000000001111111111111111111100
00000000000111111111111111110000
 2
00000000000000000001000000000000
00000000000001111111111000000000
00000000000011111111111111110000
00000000000111111111111111100000
00000000001111111111111111100000
00000000001111111100000000000000
00000000001111110000000000000000
00000000011111000000000000000000
00000000111110001111111000000000
00000000111110111111111100000000
00000000111111111111111110000000
00000000111111111111111110000000
00000001111111111111111110000000
00000011111111110000011110000000
00000001111110000000011111000000
00000001111110000000001111000000
00000001100000000000001111000000
00000000000000000000001110000000
00000000000000000000011110000000
00000000000000000000011100000000
00000000000000000000011100000000
00000000000000000001111000000000
00000000000000000011110000000000
00000000000000000011110000000000
00000000000000000111110000000000
00000000000010001111100000000000
00000000000011011111000000000000
00000000000011111111000000000000
00000000000011111110000000000000
00000000000011111100000000000000
00000000000111110000000000000000
00000000000001000000000000000000
 5
00000000000110000000000000000000
00000000001110000000000000000000
00000000001111111111111000000000
00000000011111111111111111000000
00000000011111111111111111000000
00000000111111111111111111000000
00000000111111111111111100000000
00000001111111000000000000000000
00000001111000000000000000000000
00000011111111110000000000000000
00000011111111111100000000000000
00000011111111111110000000000000
00000011111111111111100000000000
00000011111111111111110000000000
00000001111111111111110000000000
00000000110000000111110000000000
00000000000000000001111000000000
00000000000000000001111100000000
00000000000000000000111000000000
00000000000000000000111000000000
00000000000000000001111000000000
00000000000000000001111000000000
00000000000000000001111000000000
00000000000000000001111000000000
00000000000000000111110000000000
00000000001000000111110000000000
00000000011110111111100000000000
00000000001111111111000000000000
00000000001111111111000000000000
00000000001111111110000000000000
00000000000001111000000000000000
00000000000000110000000000000000
 5
00000000011100000011110000000000
00000000111100001111111000000000
00000000111100001111111110000000
00000000111110011111111110000000
00000000111110111111111110000000
00000000111111111111111111000000
00000000111111111110011111000000
00000000111111111000001111100000
00000000111111111000000111100000
00000000111111110000000111100000
00000001111111000000001111000000
00000001111111000000001111000000
00000001111110000000001111000000
00000011111110000000000111000000
00000011111110000000000111000000
00000011111000000000000111000000
00000011111000000000000111000000
00000001111000000000001111000000
00000001111000000000001111000000
00000001111000000000011111000000
00000001111000000000011111000000
00000001111000000001111111000000
00000001111000000011111110000000
00000011111000001111111100000000
00000011111100011111111000000000
00000011111111111111110000000000
00000001111111111111100000000000
00000000111111111111000000000000
00000000111111111110000000000000
00000000111111111100000000000000
00000000001111100000000000000000
00000000000010000000000000000000
 0